296192
296194
296196
296199
296200
296201
296204
296206
296207
296208
296211
296213
296217
296219
296223
296224
296228
296229
296230
296231
296232
296233
296235
296239
296241
296242
296244
296251
296252
296253
296254
296257
296258
296259
296266
296268
296270
296272
296273
296274
296275
296277
296279
296281
296283
296287
296288
296289
296290
296291
296292
296293
296294
296296
296297
296298
296299
296302
296303
296304
296307
296308
296309
296312
296313
296314
296315
296317
296319
296320
296321
296324
296325
296326
296328
296329
296330
296331
296333
296334
296335
296336
296337
296340
296341
296343
296344
296345
296347
296348
296351
296354
296355
296356
296357
296358
296359
296361
296362
296364
296365
296367
296373
296374
296375
296376
296377
296378
296379
296380
296383
296384
296387
296389
296390
296391
296394
296395
296397
296400
296401
296405
296406
296407
296409
296410
296411
296412
296413
296416
296417
296418
296419
296420
296422
296423
296425
296429
296431
296432
296434
296435
296437
296439
296442
296443
296444
296445
296447
296449
296453
296454
296455
296456
296457
296458
296459
296460
296462
296464
296465
296466
296471
296472
296473
296474
296476
296477
296478
296480
296481
296482
296483
296484
296485
296486
296487
296489
296491
296493
296494
296495
296496
296497
296498
296499
296500
296501
296502
296504
296505
296506
296508
296509
296511
296513
296514
296516
296517
296518
296519
296520
296522
296523
296524
296525
296526
296527
296528
296529
296530
296532
296533
296534
296536
296539
296541
296542
296546
296549
296551
296553
296554
296555
296556
296559
296561
296562
296563
296564
296565
296566
296567
296568
296569
296571
296572
296573
296574
296575
296577
296578
296579
296580
296582
296584
296586
296587
296588
296589
296591
296592
296593
296594
296595
296596
296597
296598
296600
296601
296606
296607
296608
296609
296611
296612
296614
296615
296616
296618
296621
296622
296624
296626
296629
296635
296637
296638
296640
296641
296642
296643
296644
296646
296647
296649
296651
296653
296655
296656
296657
296658
296659
296661
296663
296664
296666
296667
296670
296672
296673
296674
296676
296678
296679
296680
296681
296683
296684
296688
296690
296692
296694
296695
296696
296697
296701
296702
296703
296704
296705
296706
296707
296708
296709
296710
296711
296713
296714
296715
296717
296719
296720
296721
296723
296725
296726
296727
296730
296731
296732
296733
296735
296736
296737
296738
296741
296742
296743
296744
296748
296750
296752
296753
296754
296758
296759
296761
296762
296763
296764
296766
296767
296768
296769
296770
296771
296772
296774
296775
296778
296779
296780
296781
296782
296784
296785
296786
296787
296788
296789
296790
296791
296792
296794
296795
296796
296798
296799
296800
296801
296805
296806
296807
296808
296809
296810
296814
296815
296816
296818
296819
296822
296823
296824
296825
296826
296827
296828
296829
296830
296833
296834
296835
296836
296837
296838
296839
296840
296841
296843
296844
296845
296847
296848
296849
296850
296851
296853
296855
296856
296857
296858
296860
296862
296865
296866
296869
296874
296875
296877
296879
296881
296883
296884
296886
296887
296888
296889
296890
296891
296892
296893
296894
296896
296897
296898
296899
296901
296902
296903
296904
296905
296906
296907
296908
296909
296911
296912
296913
296914
296916
296920
296921
296922
296923
296924
296925
296928
296929
296931
296934
296935
296936
296937
296938
296940
296943
296945
296947
296948
296950
296952
296954
296957
296958
296960
296962
296963
296964
296967
296968
296969
296970
296971
296972
296973
296975
296976
296977
296980
296982
296985
296987
296989
296991
296993
296994
296995
296996
296997
296998
296999
297000
297002
297004
297006
297007
297009
297010
297011
297014
297015
297016
297017
297018
297019
297021
297023
297024
297025
297026
297027
297028
297030
297032
297033
297035
297036
297037
297039
297040
297042
297043
297044
297045
297046
297047
297048
297049
297050
297052
297053
297054
297058
297059
297061
297062
297064
297066
297070
297072
297073
297074
297076
297077
297078
297080
297081
297083
297084
297086
297087
297088
297089
297090
297091
297092
297094
297095
297096
297097
297100
297101
297102
297103
297104
297105
297106
297107
297109
297110
297111
297112
297113
297114
297115
297116
297117
297119
297120
297121
297122
297123
297124
297125
297126
297128
297129
297130
297131
297132
297136
297137
297139
297140
297141
297143
297144
297145
297147
297148
297150
297152
297154
297157
297158
297159
297160
297161
297163
297164
297165
297166
297167
297168
297172
297173
297174
297176
297179
297182
297183
297185
297187
297188
297189
297190
297191
297194
297195
297196
297198
297199
297200
297201
297202
297203
297204
297208
297209
297210
297211
297212
297214
297215
297217
297218
297219
297222
297224
297225
297226
297227
297228
297229
297230
297231
297232
297233
297234
297235
297236
297237
297238
297241
297242
297244
297245
297246
297248
297249
297250
297251
297252
297253
297254
297255
297256
297257
297258
297259
297261
297263
297265
297266
297267
297269
297271
297273
297274
297275
297276
297277
297279
297280
297282
297283
297284
297286
297287
297288
297289
297290
297291
297292
297293
297294
297295
297296
297297
297298
297299
297300
297301
297303
297304
297305
297307
297308
297309
297310
297311
297312
297313
297315
297316
297317
297319
297320
297322
297323
297324
297325
297326
297327
297328
297329
297330
297331
297332
297333
297334
297335
297336
297337
297338
297339
297340
297342
297343
297345
297346
297347
297348
297349
297350
297351
297352
297353
297354
297355
297356
297357
297358
297360
297362
297363
297364
297365
297366
297367
297368
297369
297370
297371
297372
297374
297375
297377
297378
297379
297380
297381
297382
297383
297385
297386
297387
297389
297390
297392
297394
297395
297396
297398
297399
297400
297401
297402
297403
297404
297405
297406
297407
297408
297409
297410
297411
297412
297413
297414
297415
297416
297417
297419
297420
297421
297422
297423
297424
297425
297426
297427
297428
297429
297430
297431
297432
297433
297434
297435
297436
297437
297438
297439
297440
297441
297442
297443
297445
297446
297448
297449
297450
297451
297452
297455
297456
297457
297459
297461
297462
297464
297465
297466
297467
297468
297470
297471
297472
297473
297474
297475
297478
297479
297480
297481
297482
297483
297484
297485
297486
297487
297490
297491
297493
297494
297495
297496
297497
297498
297500
297501
297503
297504
297505
297506
297507
297508
297509
297510
297511
297512
297513
297514
297515
297516
297517
297518
297519
297520
297521
297522
297523
297524
297525
297526
297527
297528
297529
297531
297532
297533
297535
297536
297538
297539
297540
297541
297542
297543
297544
297545
297546
297547
297548
297549
297550
297551
297552
297553
297554
297555
297556
297557
297558
297561
297562
297563
297564
297566
297568
297569
297570
297571
297572
297573
297574
297575
297577
297578
297580
297581
297582
297584
297585
297586
297587
297588
297589
297590
297591
297592
297593
297595
297596
297597
297598
297599
297600
297602
297603
297604
297605
297606
297610
297611
297612
297613
297616
297617
297619
297621
297622
297623
297624
297625
297626
297627
297628
297629
297630
297631
297632
297633
297634
297635
297637
297639
297640
297641
297642
297643
297644
297645
297646
297647
297648
297649
297650
297651
297652
297653
297654
297655
297656
297657
297659
297660
297661
297662
297663
297664
297665
297666
297668
297669
297671
297672
297673
297674
297675
297676
297677
297678
297679
297680
297681
297682
297683
297684
297685
297686
297688
297689
297690
297691
297692
297693
297694
297695
297698
297699
297700
297701
297702
297704
297705
297706
297707
297708
297709
297710
297711
297712
297713
297714
297715
297716
297717
297718
297719
297720
297721
297722
297723
297724
297725
297726
297727
297728
297729
297730
297731
297732
297733
297734
297735
297736
297737
297738
297740
297741
297742
297743
297744
297745
297746
297750
297751
297752
297754
297755
297756
297757
297758
297759
297760
297761
297762
297764
297767
297768
297769
297770
297771
297772
297773
297774
297775
297777
297778
297779
297780
297781
297782
297783
297784
297786
297787
297788
297790
297791
297792
297793
297794
297796
297797
297798
297799
297800
297801
297802
297803
297806
297807
297808
297809
297810
297811
297812
297813
297814
297816
297817
297818
297820
297821
297822
297823
297824
297825
297826
297827
297828
297829
297830
297831
297832
297833
297836
297837
297838
297839
297840
297841
297842
297843
297844
297845
297846
297847
297848
297849
297850
297852
297853
297854
297855
297856
297857
297858
297859
297860
297861
297862
297863
297864
297865
297866
297867
297868
297869
297870
297871
297872
297873
297874
297876
297877
297878
297879
297880
297881
297882
297883
297884
297885
297886
297887
297888
297889
297890
297891
297892
297893
297894
297895
297896
297898
297900
297901
297902
297903
297904
297905
297906
297908
297909
297910
297911
297912
297913
297914
297915
297916
297917
297918
297919
297920
297921
297922
297923
297924
297925
297926
297928
297929
297930
297931
297932
297933
297934
297935
297937
297939
297940
297942
297943
297944
297945
297946
297947
297948
297949
297950
297951
297952
297953
297954
297955
297956
297957
297959
297960
297961
297962
297963
297964
297966
297968
297970
297971
297972
297973
297974
297977
297978
297979
297980
297981
297982
297983
297984
297985
297987
297988
297990
297992
297993
297994
297995
297996
297997
297998
297999
298002
298003
298004
298005
298007
298008
298009
298011
298012
298013
298014
298015
298016
298017
298018
298019
298020
298021
298022
298023
298024
298025
298026
298027
298028
298029
298030
298031
298033
298034
298035
298037
298038
298039
298040
298041
298042
298043
298044
298045
298046
298047
298048
298049
298050
298051
298052
298054
298055
298056
298057
298058
298059
298060
298061
298062
298063
298064
298065
298066
298067
298068
298069
298071
298072
298073
298074
298075
298076
298077
298078
298079
298081
298082
298083
298084
298085
298086
298087
298088
298089
298090
298091
298092
298094
298095
298096
298097
298098
298099
298101
298102
298103
298104
298105
298106
298108
298111
298112
298113
298114
298117
298118
298119
298120
298121
298122
298123
298124
298125
298126
298127
298128
298129
298130
298131
298132
298133
298134
298135
298136
298137
298138
298139
298141
298142
298143
298145
298146
298147
298148
298149
298150
298151
298152
298153
298154
298155
298156
298157
298158
298160
298161
298163
298164
298166
298167
298168
298170
298171
298173
298174
298176
298177
298178
298179
298181
298182
298183
298184
298185
298186
298187
298189
298190
298191
298192
298194
298195
298196
298197
298198
298199
298200
298201
298202
298203
298204
298206
298207
298209
298210
298212
298214
298215
298216
298218
298219
298222
298223
298225
298228
298229
298230
298231
298232
298233
298234
298236
298237
298238
298239
298240
298241
298242
298243
298244
298245
298247
298248
298250
298251
298252
298254
298255
298256
298257
298258
298259
298260
298261
298262
298265
298266
298268
298269
298271
298272
298273
298274
298276
298277
298278
298279
298280
298282
298283
298284
298285
298286
298288
298289
298290
298291
298292
298293
298294
298295
298298
298300
298301
298302
298304
298305
298306
298309
298310
298311
298312
298313
298314
298315
298316
298317
298320
298321
298322
298323
298324
298325
298328
298329
298330
298332
298333
298334
298335
298336
298337
298338
298340
298341
298343
298344
298345
298346
298347
298348
298349
298350
298352
298353
298354
298356
298357
298358
298359
298360
298361
298362
298364
298366
298368
298369
298370
298372
298373
298374
298377
298378
298379
298380
298381
298382
298383
298386
298387
298388
298389
298391
298392
298393
298394
298396
298397
298399
298400
298401
298402
298403
298404
298405
298408
298409
298410
298411
298412
298413
298414
298415
298416
298417
298418
298421
298422
298423
298424
298425
298426
298427
298428
298429
298430
298431
298432
298433
298434
298435
298436
298438
298440
298441
298443
298444
298445
298446
298447
298448
298449
298450
298452
298453
298454
298455
298456
298457
298459
298460
298463
298464
298465
298467
298468
298469
298470
298471
298472
298473
298474
298475
298477
298479
298480
298481
298482
298483
298484
298485
298486
298487
298488
298489
298490
298492
298494
298495
298496
298497
298498
298499
298500
298501
298502
298503
298504
298505
298507
298508
298509
298510
298511
298512
298513
298514
298515
298517
298518
298521
298523
298524
298525
298526
298527
298528
298530
298531
298532
298533
298534
298535
298537
298539
298540
298541
298542
298544
298545
298547
298548
298549
298550
298551
298552
298553
298554
298555
298556
298557
298558
298560
298562
298563
298564
298565
298566
298567
298570
298571
298573
298574
298575
298576
298577
298579
298580
298581
298583
298584
298586
298587
298588
298589
298590
298591
298592
298594
298595
298596
298597
298598
298599
298600
298601
298602
298603
298604
298605
298606
298607
298608
298609
298610
298611
298612
298613
298614
298615
298616
298617
298618
298619
298622
298623
298624
298626
298627
298628
298629
298630
298631
298632
298634
298635
298636
298637
298639
298640
298641
298642
298643
298646
298647
298648
298650
298652
298653
298655
298656
298657
298658
298659
298660
298661
298662
298663
298665
298666
298667
298668
298669
298670
298672
298673
298674
298675
298676
298679
298681
298682
298683
298684
298685
298686
298687
298688
298689
298690
298691
298692
298693
298694
298695
298696
298697
298698
298699
298700
298701
298702
298703
298704
298705
298706
298707
298709
298710
298711
298712
298713
298714
298715
298716
298718
298719
298721
298722
298723
298724
298725
298726
298727
298728
298730
298731
298732
298733
298734
298735
298736
298737
298738
298739
298740
298742
298743
298744
298745
298746
298747
298748
298749
298750
298751
298752
298754
298755
298756
298758
298759
298760
298761
298762
298764
298766
298767
298768
298770
298771
298772
298774
298775
298777
298778
298779
298780
298781
298782
298785
298786
298787
298788
298789
298790
298791
298792
298793
298794
298795
298797
298798
298799
298800
298801
298802
298803
298805
298806
298807
298808
298809
298810
298812
298814
298815
298816
298817
298818
298820
298821
298823
298824
298825
298826
298827
298828
298830
298831
298832
298833
298834
298835
298836
298838
298839
298840
298841
298842
298843
298844
298846
298847
298849
298850
298851
298852
298854
298855
298856
298857
298858
298859
298860
298863
298864
298866
298867
298868
298869
298870
298873
298874
298875
298876
298877
298878
298879
298880
298881
298882
298883
298884
298885
298887
298888
298889
298890
298892
298894
298895
298896
298897
298898
298899
298900
298902
298903
298904
298906
298907
298908
298909
298910
298911
298913
298914
298915
298916
298917
298918
298919
298920
298921
298922
298923
298925
298926
298927
298928
298929
298930
298932
298933
298934
298935
298936
298937
298938
298939
298940
298941
298942
298944
298946
298947
298948
298949
298950
298951
298953
298955
298956
298957
298958
298960
298961
298963
298964
298965
298966
298967
298969
298970
298971
298972
298974
298976
298977
298978
298979
298980
298981
298982
298983
298984
298985
298986
298987
298988
298989
298990
298991
298992
298994
298995
298996
298997
298998
298999
299000
299001
299002
299004
299005
299006
299007
299008
299009
299010
299011
299012
299013
299014
299015
299016
299017
299018
299019
299020
299021
299022
299023
299024
299025
299026
299027
299028
299029
299030
299031
299032
299033
299034
299035
299037
299038
299039
299040
299041
299042
299043
299044
299045
299046
299047
299048
299049
299050
299051
299052
299053
299054
299055
299056
299057
299058
299059
299060
299061
299062
299064
299066
299067
299068
299069
299070
299071
299072
299074
299075
299076
299077
299078
299079
299080
299081
299082
299083
299084
299085
299086
299088
299090
299091
299094
299095
299096
299097
299099
299100
299101
299103
299104
299105
299106
299107
299108
299110
299111
299112
299113
299114
299115
299119
299120
299122
299123
299124
299125
299127
299128
299129
299131
299132
299133
299134
299135
299136
299138
299139
299140
299142
299143
299144
299145
299147
299148
299149
299150
299151
299152
299153
299154
299155
299156
299157
299158
299159
299160
299161
299162
299163
299164
299167
299168
299169
299170
299171
299172
299173
299174
299176
299177
299178
299179
299180
299183
299188
299190
299191
300194
300195
300197
300202
300203
300205
300206
300207
300208
300211
300213
300214
300215
300216
300217
300219
300220
300222
300225
300226
300228
300230
300231
300232
300233
300235
300236
300240
300241
300244
300245
300246
300248
300249
300250
300251
300252
300253
300254
300257
300259
300260
300261
300263
300264
300265
300266
300268
300270
300271
300272
300273
300274
300276
300277
300278
300279
300281
300282
300283
300284
300286
300287
300288
300289
300290
300291
300293
300294
300295
300296
300297
300298
300301
300304
300305
300306
300307
300308
300311
300312
300313
300314
300315
300316
300317
300318
300319
300321
300322
300323
300324
300325
300326
300327
300328
300329
300331
300332
300333
300334
300335
300336
300337
300338
300339
300340
300341
300342
300343
300344
300345
300346
300347
300348
300349
300350
300352
300353
300357
300358
300359
300360
300362
300363
300365
300366
300368
300370
300371
300372
300373
300374
300375
300376
300377
300378
300379
300380
300381
300382
300383
300384
300385
300387
300388
300389
300390
300391
300393
300394
300395
300396
300397
300398
300399
300402
300403
300404
300405
300407
300408
300409
300410
300413
300414
300415
300416
300417
300418
300419
300420
300422
300423
300424
300425
300426
300427
300428
300429
300430
300431
300433
300434
300435
300436
300437
300439
300440
300441
300442
300443
300444
300447
300449
300450
300451
300452
300454
300455
300456
300457
300458
300459
300460
300461
300462
300463
300464
300465
300466
300468
300470
300471
300472
300473
300474
300475
300476
300478
300479
300480
300481
300482
300483
300484
300485
300486
300487
300489
300490
300491
300492
300493
300494
300495
300496
300497
300499
300501
300502
300503
300504
300505
300506
300507
300508
300509
300510
300511
300512
300513
300514
300515
300516
300517
300518
300519
300520
300521
300523
300524
300527
300528
300529
300530
300531
300532
300533
300534
300536
300537
300538
300539
300540
300541
300542
300544
300545
300547
300548
300550
300552
300553
300554
300555
300556
300557
300558
300559
300562
300563
300564
300565
300566
300567
300569
300570
300571
300572
300573
300574
300575
300577
300578
300580
300581
300582
300583
300585
300586
300587
300588
300589
300590
300591
300592
300593
300594
300595
300596
300597
300599
300602
300603
300604
300605
300606
300608
300609
300610
300611
300612
300613
300614
300615
300616
300617
300618
300619
300620
300621
300622
300623
300624
300625
300626
300627
300628
300629
300631
300632
300633
300634
300635
300636
300637
300638
300639
300640
300641
300642
300643
300644
300645
300646
300647
300648
300649
300650
300651
300652
300654
300655
300656
300659
300660
300661
300662
300663
300664
300665
300666
300668
300669
300671
300672
300673
300674
300675
300676
300677
300679
300680
300681
300682
300683
300684
300685
300686
300687
300688
300689
300691
300692
300693
300694
300695
300696
300697
300698
300699
300701
300702
300703
300704
300706
300707
300708
300709
300710
300711
300712
300713
300714
300715
300716
300717
300718
300719
300720
300722
300723
300724
300725
300727
300728
300729
300730
300732
300733
300734
300735
300736
300737
300739
300740
300741
300742
300743
300744
300745
300746
300747
300748
300749
300751
300752
300753
300754
300755
300756
300757
300758
300759
300760
300762
300763
300764
300765
300766
300767
300768
300769
300770
300771
300773
300774
300775
300776
300778
300779
300780
300781
300782
300783
300785
300786
300787
300788
300790
300791
300792
300793
300794
300795
300797
300798
300799
300800
300801
300802
300803
300804
300805
300806
300807
300808
300809
300810
300811
300812
300813
300814
300815
300816
300817
300818
300819
300820
300821
300822
300823
300824
300825
300826
300827
300828
300829
300830
300831
300832
300833
300834
300836
300837
300838
300839
300840
300841
300842
300843
300844
300845
300846
300850
300851
300852
300853
300855
300856
300857
300858
300859
300860
300861
300863
300866
300867
300868
300869
300870
300871
300872
300873
300874
300875
300876
300877
300878
300879
300880
300881
300882
300883
300884
300885
300886
300887
300888
300889
300890
300892
300894
300895
300896
300897
300898
300899
300900
300901
300902
300903
300904
300905
300906
300907
300908
300909
300910
300912
300914
300915
300916
300917
300919
300921
300922
300923
300924
300926
300927
300928
300929
300930
300932
300933
300934
300935
300938
300939
300940
300941
300942
300943
300944
300945
300946
300947
300948
300949
300950
300951
300952
300953
300954
300955
300956
300957
300958
300959
300960
300961
300962
300963
300964
300965
300966
300967
300968
300969
300970
300971
300972
300973
300974
300975
300976
300977
300978
300979
300980
300981
300982
300983
300984
300985
300986
300988
300989
300990
300991
300992
300993
300994
300995
300996
300997
300998
300999
301000
301002
301004
301005
301006
301007
301008
301009
301010
301011
301012
301013
301015
301016
301017
301018
301019
301020
301021
301022
301024
301025
301026
301027
301030
301031
301032
301033
301034
301035
301036
301037
301038
301039
301040
301042
301043
301044
301046
301047
301048
301049
301050
301051
301052
301053
301054
301055
301056
301057
301058
301059
301060
301061
301062
301064
301065
301067
301068
301069
301070
301071
301074
301075
301076
301078
301079
301080
301081
301082
301083
301084
301085
301086
301087
301088
301089
301091
301092
301093
301094
301096
301099
301100
301101
301102
301103
301104
301105
301106
301107
301108
301109
301110
301111
301112
301113
301114
301115
301116
301117
301118
301119
301120
301122
301123
301124
301126
301127
301128
301129
301130
301132
301133
301134
301135
301136
301137
301138
301139
301140
301142
301143
301144
301146
301147
301148
301149
301152
301153
301154
301155
301157
301158
301159
301160
301161
301162
301163
301164
301165
301167
301168
301170
301171
301172
301173
301174
301175
301176
301177
301178
301179
301180
301181
301182
301183
301184
301185
301186
301187
301188
301191
301197
301204
301205
301209
301211
301213
301214
301219
301221
301222
301223
301224
301226
301228
301232
301233
301234
301236
301238
301240
301241
301243
301246
301247
301248
301249
301250
301252
301253
301255
301258
301259
301260
301262
301263
301264
301265
301266
301269
301270
301271
301273
301274
301275
301276
301277
301278
301279
301280
301282
301283
301284
301285
301286
301287
301290
301291
301292
301293
301294
301296
301298
301299
301300
301301
301302
301303
301306
301307
301309
301310
301311
301313
301315
301317
301319
301320
301321
301324
301325
301326
301327
301328
301329
301331
301333
301334
301335
301336
301337
301338
301339
301340
301341
301342
301344
301345
301346
301347
301349
301351
301353
301354
301358
301359
301360
301361
301362
301363
301364
301365
301366
301367
301368
301370
301371
301372
301373
301374
301375
301377
301379
301380
301381
301382
301383
301384
301385
301386
301387
301388
301390
301391
301392
301393
301394
301395
301396
301397
301398
301400
301401
301402
301403
301404
301405
301406
301408
301409
301410
301411
301414
301415
301416
301417
301418
301421
301422
301423
301424
301426
301427
301428
301429
301430
301431
301433
301434
301435
301436
301437
301438
301439
301440
301441
301442
301443
301444
301445
301446
301447
301448
301449
301450
301451
301452
301453
301454
301455
301456
301457
301458
301459
301460
301461
301462
301463
301464
301465
301466
301468
301469
301471
301472
301473
301474
301475
301476
301479
301481
301482
301483
301484
301485
301486
301487
301488
301490
301491
301492
301494
301495
301496
301497
301498
301499
301500
301501
301503
301504
301505
301506
301507
301508
301509
301513
301514
301515
301518
301520
301521
301522
301523
301524
301526
301527
301528
301529
301530
301532
301533
301534
301535
301536
301539
301540
301541
301542
301543
301544
301545
301547
301548
301549
301551
301552
301553
301554
301555
301556
301557
301558
301559
301560
301561
301562
301563
301564
301565
301566
301567
301568
301569
301570
301571
301572
301573
301574
301575
301576
301577
301579
301580
301581
301582
301583
301585
301586
301588
301590
301591
301592
301593
301594
301595
301596
301598
301599
301600
301601
301602
301603
301604
301606
301607
301608
301609
301610
301611
301612
301613
301614
301616
301617
301618
301619
301620
301621
301622
301623
301624
301625
301626
301627
301628
301629
301630
301631
301633
301634
301635
301636
301637
301638
301639
301640
301641
301642
301643
301644
301645
301646
301647
301649
301650
301651
301652
301653
301654
301655
301656
301657
301658
301659
301660
301661
301662
301663
301664
301665
301666
301668
301669
301670
301671
301673
301674
301675
301676
301677
301678
301679
301680
301681
301682
301683
301684
301685
301686
301687
301689
301690
301691
301692
301693
301694
301696
301698
301699
301700
301701
301702
301703
301704
301705
301706
301707
301708
301709
301710
301711
301713
301714
301715
301716
301717
301718
301719
301720
301721
301722
301723
301724
301725
301726
301727
301728
301729
301730
301731
301732
301734
301735
301737
301738
301739
301740
301741
301742
301743
301744
301745
301746
301747
301748
301749
301750
301751
301752
301753
301754
301756
301757
301758
301760
301761
301762
301763
301764
301765
301766
301767
301768
301770
301772
301773
301774
301775
301776
301777
301778
301779
301780
301781
301782
301783
301784
301785
301787
301788
301789
301792
301793
301795
301796
301798
301799
301800
301801
301802
301803
301804
301805
301806
301807
301808
301809
301810
301811
301813
301814
301815
301817
301818
301819
301820
301821
301822
301823
301824
301826
301827
301828
301829
301831
301832
301834
301835
301836
301837
301838
301840
301841
301842
301843
301844
301845
301846
301848
301849
301850
301851
301852
301853
301854
301855
301857
301858
301859
301860
301861
301862
301863
301864
301865
301866
301867
301868
301869
301870
301871
301873
301874
301875
301876
301877
301878
301879
301880
301881
301883
301886
301887
301888
301889
301890
301891
301892
301893
301894
301895
301896
301897
301898
301899
301901
301902
301903
301904
301905
301906
301907
301908
301911
301912
301913
301914
301915
301917
301918
301919
301920
301921
301922
301923
301924
301925
301926
301927
301928
301929
301930
301931
301932
301933
301934
301936
301937
301938
301939
301940
301942
301943
301944
301945
301946
301947
301948
301949
301950
301951
301952
301953
301954
301956
301957
301958
301959
301960
301961
301962
301963
301964
301965
301966
301967
301968
301969
301970
301971
301972
301973
301975
301976
301977
301978
301979
301981
301983
301984
301985
301986
301987
301990
301991
301992
301994
301995
301996
301997
301998
302000
302001
302002
302003
302004
302005
302007
302008
302009
302010
302011
302012
302013
302014
302015
302017
302019
302020
302021
302022
302023
302024
302025
302026
302029
302030
302031
302032
302033
302034
302035
302036
302037
302038
302039
302040
302041
302042
302044
302045
302046
302047
302048
302049
302050
302051
302052
302053
302055
302056
302057
302058
302059
302060
302061
302062
302063
302064
302065
302066
302067
302070
302073
302074
302075
302076
302077
302079
302080
302081
302082
302084
302086
302087
302088
302089
302090
302091
302092
302093
302094
302096
302097
302098
302099
302100
302101
302103
302104
302105
302106
302107
302108
302110
302111
302112
302114
302115
302117
302118
302119
302120
302121
302122
302123
302124
302125
302126
302127
302128
302129
302130
302131
302132
302133
302134
302135
302136
302137
302138
302139
302140
302141
302142
302143
302144
302145
302148
302150
302151
302153
302154
302155
302156
302158
302160
302162
302163
302164
302167
302168
302169
302170
302171
302172
302174
302175
302177
302178
302179
302180
302181
302182
302183
302184
302186
302188
302189
302190
302191
302207
302210
302220
302221
302227
302230
302232
302233
302236
302239
302241
302248
302255
302258
302260
302263
302264
302265
302266
302268
302269
302270
302273
302275
302278
302280
302283
302286
302288
302290
302293
302295
302297
302299
302300
302306
302307
302308
302309
302310
302313
302314
302315
302318
302319
302320
302321
302323
302326
302327
302328
302329
302330
302332
302333
302335
302336
302337
302338
302339
302341
302344
302345
302347
302350
302351
302353
302356
302358
302360
302363
302367
302368
302369
302372
302373
302377
302378
302380
302383
302384
302385
302388
302396
302398
302400
302401
302403
302404
302405
302406
302409
302410
302412
302413
302414
302415
302417
302418
302419
302420
302422
302424
302426
302428
302429
302430
302431
302434
302436
302440
302442
302443
302446
302447
302448
302449
302450
302452
302455
302457
302460
302462
302464
302466
302467
302469
302471
302472
302474
302475
302476
302478
302480
302481
302482
302486
302488
302490
302493
302494
302496
302497
302498
302499
302500
302501
302502
302503
302505
302506
302509
302511
302513
302514
302515
302517
302518
302519
302522
302523
302525
302526
302527
302528
302532
302533
302536
302537
302540
302541
302543
302548
302549
302550
302552
302554
302555
302556
302558
302561
302562
302563
302564
302565
302569
302570
302571
302572
302573
302576
302577
302579
302581
302583
302584
302585
302586
302588
302591
302592
302593
302594
302595
302596
302597
302598
302599
302600
302601
302602
302603
302605
302607
302608
302611
302613
302614
302617
302619
302620
302622
302624
302625
302629
302634
302635
302638
302639
302641
302642
302644
302645
302646
302648
302650
302651
302652
302654
302655
302656
302658
302659
302660
302661
302662
302664
302665
302668
302671
302672
302674
302675
302676
302677
302678
302680
302681
302682
302684
302685
302686
302687
302688
302689
302690
302691
302692
302693
302696
302697
302698
302701
302702
302703
302705
302712
302714
302715
302716
302717
302718
302720
302723
302725
302728
302729
302731
302732
302733
302734
302735
302736
302738
302739
302741
302744
302746
302748
302749
302750
302752
302753
302754
302756
302757
302758
302759
302761
302762
302763
302764
302771
302772
302776
302777
302778
302780
302781
302784
302785
302787
302788
302791
302792
302796
302800
302801
302802
302803
302804
302806
302807
302809
302810
302812
302813
302815
302816
302818
302819
302820
302821
302822
302823
302824
302825
302826
302828
302829
302831
302832
302834
302835
302836
302839
302840
302841
302842
302843
302845
302846
302847
302849
302850
302851
302854
302855
302856
302859
302860
302861
302863
302864
302865
302867
302868
302869
302870
302872
302874
302878
302879
302880
302883
302884
302885
302887
302888
302889
302890
302891
302894
302895
302897
302898
302903
302906
302908
302909
302910
302911
302913
302916
302918
302919
302920
302921
302922
302923
302924
302926
302927
302928
302929
302930
302931
302932
302934
302937
302938
302939
302943
302944
302946
302948
302951
302952
302955
302956
302957
302958
302959
302960
302961
302962
302963
302964
302968
302972
302974
302975
302976
302977
302978
302979
302980
302981
302982
302983
302984
302985
302986
302987
302990
302991
302992
302993
302994
302995
302996
302997
302998
303000
303001
303003
303004
303007
303008
303009
303011
303012
303013
303014
303016
303017
303018
303021
303025
303027
303028
303029
303030
303031
303033
303035
303036
303038
303041
303042
303043
303044
303045
303046
303047
303049
303051
303052
303053
303054
303055
303057
303058
303059
303060
303061
303062
303063
303064
303065
303066
303067
303069
303071
303073
303075
303076
303077
303078
303079
303080
303081
303082
303083
303084
303085
303086
303087
303089
303091
303092
303095
303096
303098
303100
303101
303102
303103
303105
303107
303108
303110
303111
303112
303113
303114
303116
303117
303118
303122
303124
303125
303126
303127
303128
303132
303135
303136
303137
303139
303140
303143
303145
303146
303148
303149
303152
303153
303154
303155
303156
303157
303158
303159
303161
303163
303164
303167
303169
303170
303171
303172
303173
303174
303175
303176
303177
303179
303180
303181
303183
303184
303185
303186
303187
303188
303190
303191
